2016 01 01 13 58
2016 01 07 09 11
2016 01 16 10 17
2016 01 17 05 44
2016 01 22 09 12
2016 02 18 08 26
2016 03 03 22 12
2016 03 07 15 07
2016 03 11 21 48
2016 03 12 09 02
2016 03 20 12 18
2016 03 21 17 12
2016 03 21 17 58
2016 03 23 05 56
2016 03 26 09 12
2016 04 02 01 27
2016 04 04 11 20
2016 04 11 08 40
2016 04 13 16 51
2016 04 17 01 53
2016 04 20 01 48
2016 04 27 14 43
2016 05 05 14 55
2016 05 10 14 48
2016 05 13 04 11
2016 05 16 14 43
2016 05 21 01 56
2016 06 14 11 00
2016 06 20 08 50
2016 06 24 23 05
2016 07 03 12 10
2016 07 08 11 30
2016 07 10 06 23
2016 07 18 09 02
2016 08 23 00 42
2016 08 25 05 34
2016 09 08 19 47
2016 09 12 14 56
2016 09 27 19 08
2016 10 01 06 10
2016 10 01 13 09
2016 10 07 11 56
2016 10 16 09 39
2016 10 21 23 22
2016 10 23 17 42
2016 11 09 01 01
2016 11 09 05 59
2016 11 13 00 19
2016 11 28 13 23
2016 12 21 00 11
